2219
105
106
107
108
109
110
111
112
113
716
717
718
719
720
721
722
723
724
725
726
727
728
729
730
731
732
733
734
735
736
737
738
741
742
743
744
746
747
748
749
750
751
752
753
754
755
756
757
758
759
760
761
762
763
764
765
766
767
768
769
770
771
772
773
774
775
776
777
778
779
780
781
782
783
784
785
786
787
788
789
790
791
792
793
794
795
796
797
798
799
800
801
802
803
804
805
806
807
808
809
810
811
812
813
814
815
816
817
818
819
820
821
822
823
824
825
826
827
828
829
830
831
832
833
834
835
836
837
838
839
840
841
842
843
844
845
846
847
848
849
850
851
852
853
854
855
856
857
858
859
860
861
862
863
864
865
866
2141
2166
2167
2168
2169
2218
3633
3651
3652
3653
3660
4132
4133
4134
4135
4136
4215
4216
4217
4218
4229
4230
4231
4232
5458
5462
5463
5508
5514
5590
5591
5639
5640
5722
5748
5749
7114
7115
7116
8005
8006
8007
8008
8047
9281
9282
9283
9284
9285
9286
9287
9288
9289
9290
9291
13532
13607
15716
15717
15718
15719
15720
15721
15722
15726
15727
15728
15729
15730
15731
15733
15734
15735
15736
15737
15738
15739
15740
15741
15742
15743
15744
15745
15746
15747
15748
19350
19351
19352
19353
19354
19355
