7446.35 2
7447.8773 2
7449.404600000001 3
7450.9319000000005 4
7452.4592 9
7453.9865 9
7455.513800000001 20
7457.0411 33
7458.5684 48
7460.095700000001 51
7461.6230000000005 70
7463.1503 98
7464.6776 116
7466.204900000001 140
7467.7322 231
7469.2595 240
7470.7868 280
7472.3141000000005 293
7473.8414 319
7475.3687 374
7476.896000000001 436
7478.4233 460
7479.9506 443
7481.4779 457
7483.0052000000005 500
7484.5325 452
7486.0598 435
7487.587100000001 456
7489.1144 453
7490.6417 380
7492.169 376
7493.6963000000005 370
7495.2236 313
7496.7509 290
7498.278200000001 283
7499.8055 241
7501.3328 211
7502.8601 205
7504.3874000000005 156
7505.9147 158
7507.442 120
7508.9693 111
7510.4966 98
7512.0239 95
7513.5512 79
7515.0785000000005 63
7516.6058 59
7518.1331 52
7519.6604 52
7521.1877 30
7522.715 31
7524.2423 33
7525.7696000000005 25
7527.2969 13
7528.8242 17
7530.3515 19
7531.8788 8
7533.4061 15
7534.9334 8
7536.4607000000005 6
7537.988 9
7539.5153 8
7541.0426 4
7542.5699 2
7544.0972 3
7545.6245 2
7547.1518 4
7548.6791 1
7550.2064 5
7551.7337 2
7553.261 1
7554.7883 0
7556.3156 1
7557.8429 0
7559.3702 0
7560.8975 0
7562.4248 0
7563.9521 2
7565.4794 0
7567.0067 0
7568.534 2
7570.0613 0
7571.5886 0
7573.1159 0
7574.6432 0
7576.1705 0
7577.6978 0
7579.2251 0
7580.7524 0
7582.2797 0
7583.807 0
7585.3342999999995 0
7586.8616 0
7588.3889 0
7589.9162 0
7591.4435 0
7592.9708 0
7594.4981 0
7596.0253999999995 1
7597.5527 1
