1.282632052898407 0.0 1.0 0.0
1.782632052898407 0.0 1.0 0.0
2.282632052898407 0.0 1.0 0.0
2.782632052898407 0.0 1.0 0.0
3.282632052898407 0.0 1.0 0.0
3.782632052898407 1.0 0.0 0.5345533349385986
4.282632052898407 1.2425845919315144e-207 0.22102888901992634 11.957620996869732
4.782632052898407 0.0 0.346135742798692 36.82639056104021
5.282632052898407 0.0 0.3536413101153072 55.0878882735372
5.782632052898407 0.0 0.38042863835228 75.22754635203468
6.282632052898407 0.0 0.29735794175232494 79.9325788586564
6.782632052898407 0.0 0.3148133961794555 89.1981699975921
7.282632052898407 2.741708005871733e-309 0.26674306122720365 91.66385745244402
7.782632052898407 1.3671335817606768e-214 0.2225524504643808 93.1904647242957
8.282632052898407 2.1241084919837974e-80 0.13931789430041908 95.16975680231158
8.782632052898407 4.1657872728035755e-57 0.11733330301207452 94.86636166626535
9.282632052898407 6.73297029216117e-128 0.17230172121204376 97.11533830965567
9.782632052898407 1.9047566772060664e-132 0.1739360576782463 97.24536479653263
10.282632052898407 3.521657488291242e-160 0.1902429650608414 97.56320732000964
10.782632052898407 4.2677373511724747e-159 0.18960785637752173 97.89068143510715
11.282632052898407 3.774132677127841e-77 0.13118852091582664 97.78473392728148
11.782632052898407 1.1126049068121886e-84 0.13830761096081765 98.4878401155791
12.282632052898407 1.1786794206488458e-80 0.1350249344477774 98.8056826390561
12.782632052898407 1.5553295569029141e-77 0.1315144407286733 98.7045509270407
13.282632052898407 9.652680557998059e-77 0.13084237868040965 98.79123525162534
13.782632052898407 6.084610221580191e-77 0.13101259394508377 98.84902480134842
14.282632052898407 3.473711108627404e-76 0.13036886615470644 98.88273537202022
14.782632052898407 2.4209532326552795e-72 0.1270481962465417 98.88755116783048
15.282632052898407 8.850976262526277e-72 0.12655437796774796 98.94052492174332
15.782632052898407 3.120288262939593e-73 0.12782473039299386 98.8393932097279
16.282632052898407 1.5712172424551857e-72 0.1261916093847697 98.72862990609198
16.782632052898407 1.0840252801737636e-72 0.12633317775146505 98.82494582229714
17.282632052898407 6.866158497319336e-79 0.13166134258932405 99.03684083794847
17.782632052898407 1.0298504870246323e-86 0.13809369278116568 99.3065254033229
18.282632052898407 3.6188688466598235e-94 0.1439549509615943 99.56176258126655
18.782632052898407 5.370041588631908e-97 0.1461175598026078 99.72549963881531
19.282632052898407 2.8902484041699957e-99 0.14782949476919638 99.82663135083072
19.782632052898407 1.499511046741635e-100 0.14879024815132796 99.89405249217434
20.282632052898407 1.5296467489194284e-101 0.14952724523908642 99.95665783770768
20.782632052898407 1.0729119885935969e-70 0.12559846603302363 99.96147363351794
21.282632052898407 4.186613246494189e-51 0.10683928776683226 99.97110522513846
21.782632052898407 1.3181677988135516e-38 0.09289519494737772 99.98555261256922
22.282632052898407 6.306142135173719e-47 0.1023914889196875 99.99518420418974
22.782632052898407 1.3217523321486747e-30 0.0814027005335423 99.86997351312304
23.282632052898407 4.968018569895139e-16 0.05825815858481224 99.80255237177944
23.782632052898407 6.575054095662543e-20 0.06522362875948516 99.92776306284614
24.282632052898407 6.866264925749294e-16 0.05799004473663946 99.98555261256922
24.782632052898407 6.748778357701572e-20 0.06520437067230998 99.98073681675896
25.282632052898407 7.032918810059238e-18 0.06167727840067946 99.99036840837948
25.782632052898407 2.954732694662846e-24 0.07223755793676466 100.0
26.282632052898407 0.9711576938533586 0.0002509103458637513 99.28726222008187
26.782632052898407 1.0 0.0 99.19094630387671
27.282632052898407 1.0 0.0 99.23428846616903
27.782632052898407 1.0 0.0 99.26799903684083
28.282632052898407 1.0 0.0 99.28244642427161
28.782632052898407 0.986448383139985 0.00011787072834670121 99.52805201059475
29.282632052898407 1.0 0.0 99.54249939802553
29.782632052898407 1.0 0.0 99.73031543462557
30.282632052898407 1.0 0.0 99.8410787382615
30.782632052898407 1.0 0.0 99.90368408379484
31.282632052898407 1.0 0.0 99.9325788586564
31.782632052898407 1.0 0.0 99.96147363351794
32.28263205289841 1.0 0.0 99.98073681675896
32.78263205289841 1.0 0.0 99.99518420418974
33.28263205289841 1.0 0.0 100.0
33.78263205289841 1.0 0.0 100.0
34.28263205289841 1.0 0.0 100.0
34.78263205289841 1.0 0.0 100.0
35.28263205289841 1.0 0.0 100.0
35.78263205289841 1.0 0.0 100.0
36.28263205289841 1.0 0.0 100.0
36.78263205289841 1.0 0.0 100.0
37.28263205289841 1.0 0.0 100.0
37.78263205289841 1.0 0.0 100.0
38.28263205289841 1.0 0.0 100.0
38.78263205289841 1.0 0.0 100.0
39.28263205289841 1.0 0.0 100.0
39.78263205289841 1.0 0.0 100.0
40.28263205289841 1.0 0.0 100.0
40.78263205289841 1.0 0.0 100.0
41.28263205289841 1.0 0.0 100.0
41.78263205289841 1.0 0.0 100.0
42.28263205289841 1.0 0.0 100.0
42.78263205289841 1.0 0.0 100.0
43.28263205289841 1.0 0.0 100.0
43.78263205289841 1.0 0.0 100.0
44.28263205289841 1.0 0.0 100.0
