7446.04 4
7447.2971 3
7448.5542 3
7449.8113 4
7451.0684 4
7452.3255 8
7453.5826 7
7454.8396999999995 15
7456.0968 24
7457.3539 36
7458.611 49
7459.8681 66
7461.1252 83
7462.3823 88
7463.6394 136
7464.8965 142
7466.1536 184
7467.4107 203
7468.6678 188
7469.9249 248
7471.182 253
7472.4391 307
7473.6962 327
7474.9533 331
7476.2104 339
7477.4675 379
7478.7246 394
7479.9817 349
7481.2388 402
7482.4959 371
7483.753 352
7485.0101 379
7486.2672 350
7487.5243 340
7488.7814 334
7490.0385 309
7491.2956 258
7492.5527 270
7493.8098 233
7495.0669 238
7496.324 207
7497.5811 190
7498.8382 170
7500.0953 153
7501.3524 148
7502.6095 135
7503.8666 123
7505.1237 103
7506.3808 107
7507.6379 80
7508.895 80
7510.1521 73
7511.4092 65
7512.6663 70
7513.9234 43
7515.1805 57
7516.4376 48
7517.6947 28
7518.9518 52
7520.2089 35
7521.466 42
7522.7231 25
7523.9802 33
7525.2373 29
7526.4944 14
7527.7515 23
7529.0086 24
7530.2657 17
7531.5228 19
7532.7798999999995 11
7534.037 19
7535.2941 11
7536.5512 8
7537.8083 11
7539.0654 9
7540.3225 8
7541.5796 11
7542.8367 7
7544.0938 10
7545.3509 8
7546.608 5
7547.8651 5
7549.1222 3
7550.3793 5
7551.6364 3
7552.8935 6
7554.1506 4
7555.4077 3
7556.6648 1
7557.9219 3
7559.179 2
7560.4361 1
7561.6932 2
7562.9503 1
7564.2074 0
7565.4645 2
7566.7216 0
7567.9787 0
7569.2358 2
7570.4929 2
